# Arquivo de instancias para o algoritmo de corte de chapa metalica
#
# Formato de cada instancia:
#
#   @INSTANCIA  <nome> <chapa_larg> <chapa_alt>
#   @ARTIGO     <n_pecas_ref> <sobra%_ref> <tempo_s_ref>  <- use 0 0.00 0.00 se sem referencia
#   @TIPOS      <n_tipos>
#   <largura> <altura> <max_qtd>   <- max_qtd=0 significa sem limite
#   ...
#   @PRIORIDADE <p1> <p2> ... <pN> <- indices 1..N na ordem de prioridade
#   ---                            <- separador obrigatorio entre instancias
#   # comentario                   <- linhas com # sao ignoradas
#
# ------------------------------------------------------------------

# ------------------------------------------------------------------
# Instancias do artigo Chen & Huang (2007) - com dados comparativos
# ------------------------------------------------------------------

# Instancias do artigo Chen & Huang (2007) - VERSÃO FIEL
# ------------------------------------------------------------------

# C11: chapa 20x20, 16 tipos distintos
@INSTANCIA C11 20 20
@ARTIGO 16 0.00 0.04
@TIPOS 16
2 5 0
13 5 0
4 11 0
11 11 0
2 1 0
2 3 0
6 4 0
7 4 0
2 2 0
3 2 0
5 3 0
5 4 0
3 4 0
2 4 0
5 5 0
5 2 0
@PRIORIDADE 1 2 3 4 5 6 7 8 9 10 11 12 13 14 15 16
---

# C21: chapa 40x15, 25 tipos distintos
@INSTANCIA C21 40 15
@ARTIGO 25 0.00 0.51
@TIPOS 25
4 3 0
1 1 0
1 2 0
4 3 0
2 2 0
2 1 0
7 7 0
4 6 0
4 1 0
4 5 0
1 5 0
6 5 0
13 15 0
10 11 0
10 4 0
2 12 0
2 1 0
2 2 0
4 6 0
1 1 0
3 1 0
4 1 0
4 5 0
3 2 0
1 2 0
@PRIORIDADE 1 2 3 4 5 6 7 8 9 10 11 12 13 14 15 16 17 18 19 20 21 22 23 24 25
---

# C41: chapa 60x60, 49 tipos distintos
@INSTANCIA C41 60 60
@ARTIGO 49 0.33 3.57
@TIPOS 49
5 4 0
2 4 0
2 4 0
9 10 0
4 2 0
5 2 0
9 3 0
9 4 0
9 10 0
9 11 0
9 8 0
9 4 0
3 3 0
1 1 0
2 1 0
1 2 0
1 1 0
1 1 0
1 2 0
1 1 0
1 1 0
1 4 0
3 3 0
3 1 0
10 13 0
4 3 0
6 3 0
6 6 0
6 8 0
6 2 0
6 6 0
6 8 0
6 2 0
8 16 0
19 16 0
2 16 0
21 37 0
19 30 0
19 7 0
15 7 0
19 7 0
6 7 0
11 8 0
11 10 0
11 3 0
11 10 0
11 5 0
8 8 0
3 8 0
@PRIORIDADE 1 2 3 4 5 6 7 8 9 10 11 12 13 14 15 16 17 18 19 20 21 22 23 24 25 26 27 28 29 30 31 32 33 34 35 36 37 38 39 40 41 42 43 44 45 46 47 48 49
---

# ------------------------------------------------------------------
# Instancias benchmark crescentes (B01-B10)
# Chapa cresce de 20 em 20 (20x20 ate 200x200)
# Tipos crescem gradativamente, sem duplicatas
# Sobras propositais nas instancias maiores para estressar o algoritmo
# ------------------------------------------------------------------

@INSTANCIA B01 150 150
@ARTIGO 0 0.00 0.00
@TIPOS 15
12 12 0
78 92 0
93 51 0
76 72 0
33 33 0
53 53 0
53 25 0
15 15 0
33 33 0
18 18 0
36 36 0
25 25 0
8 8 0
26 26 0
30 54 0
@PRIORIDADE 1 2 3 4 5 6 7 8 9 10 11 12 13 14 15
---
@INSTANCIA B02 200 200
@ARTIGO 0 0.00 0.00
@TIPOS 20
61 61 0
23 23 0
34 34 0
24 24 0
47 47 0
76 24 0
32 32 0
120 113 0
23 94 0
37 92 0
36 36 0
33 33 0
70 70 0
41 41 0
48 48 0
40 96 0
63 129 0
24 24 0
27 27 0
13 88 0
@PRIORIDADE 1 2 3 4 5 6 7 8 9 10 11 12 13 14 15 16 17 18 19 20
---
@INSTANCIA B03 250 250
@ARTIGO 0 0.00 0.00
@TIPOS 25
106 28 0
92 92 0
132 144 0
80 80 0
37 92 0
15 15 0
11 11 0
113 41 0
43 83 0
95 150 0
57 57 0
100 39 0
52 52 0
32 95 0
74 118 0
102 28 0
36 36 0
155 123 0
145 96 0
109 74 0
20 20 0
7 7 0
21 21 0
55 55 0
62 62 0
@PRIORIDADE 1 2 3 4 5 6 7 8 9 10 11 12 13 14 15 16 17 18 19 20 21 22 23 24 25
---
@INSTANCIA B04 300 300
@ARTIGO 0 0.00 0.00
@TIPOS 30
28 28 0
26 26 0
160 171 0
69 69 0
30 30 0
109 109 0
185 137 0
62 49 0
27 27 0
28 28 0
47 82 0
30 30 0
13 13 0
52 84 0
84 84 0
48 148 0
9 9 0
124 188 0
35 35 0
52 52 0
195 78 0
24 24 0
49 49 0
37 37 0
59 59 0
111 111 0
27 27 0
87 87 0
89 89 0
103 103 0
@PRIORIDADE 1 2 3 4 5 6 7 8 9 10 11 12 13 14 15 16 17 18 19 20 21 22 23 24 25 26 27 28 29 30
---
@INSTANCIA B05 350 350
@ARTIGO 0 0.00 0.00
@TIPOS 35
122 42 0
21 21 0
13 13 0
83 83 0
131 131 0
164 18 0
23 23 0
50 166 0
128 134 0
62 62 0
80 80 0
46 46 0
51 51 0
84 84 0
35 111 0
40 40 0
68 68 0
67 87 0
30 81 0
15 15 0
58 94 0
85 85 0
59 75 0
177 127 0
78 78 0
138 138 0
27 27 0
97 97 0
104 104 0
68 23 0
23 174 0
41 41 0
149 39 0
75 58 0
134 134 0
@PRIORIDADE 1 2 3 4 5 6 7 8 9 10 11 12 13 14 15 16 17 18 19 20 21 22 23 24 25 26 27 28 29 30 31 32 33 34 35
---
@INSTANCIA B06 400 400
@ARTIGO 0 0.00 0.00
@TIPOS 40
77 77 0
38 140 0
28 28 0
38 38 0
77 125 0
40 40 0
27 27 0
19 19 0
47 47 0
124 124 0
69 69 0
158 158 0
37 37 0
53 53 0
134 134 0
130 195 0
63 124 0
100 100 0
23 171 0
38 144 0
89 89 0
27 136 0
141 57 0
238 187 0
15 15 0
88 30 0
95 95 0
45 45 0
81 81 0
177 107 0
48 48 0
64 64 0
89 89 0
54 54 0
106 54 0
46 46 0
161 76 0
49 49 0
13 13 0
70 70 0
@PRIORIDADE 1 2 3 4 5 6 7 8 9 10 11 12 13 14 15 16 17 18 19 20 21 22 23 24 25 26 27 28 29 30 31 32 33 34 35 36 37 38 39 40
---
@INSTANCIA B07 450 450
@ARTIGO 0 0.00 0.00
@TIPOS 45
85 85 0
53 53 0
112 112 0
173 173 0
87 134 0
111 111 0
148 29 0
69 53 0
73 73 0
105 73 0
159 51 0
125 125 0
70 70 0
103 103 0
160 160 0
61 115 0
39 39 0
13 13 0
245 291 0
49 49 0
100 100 0
78 78 0
19 19 0
116 248 0
50 50 0
50 50 0
209 249 0
244 276 0
197 35 0
37 37 0
78 78 0
69 69 0
31 31 0
81 81 0
94 94 0
53 53 0
51 51 0
144 144 0
66 66 0
74 44 0
63 63 0
20 20 0
180 180 0
90 90 0
30 161 0
@PRIORIDADE 1 2 3 4 5 6 7 8 9 10 11 12 13 14 15 16 17 18 19 20 21 22 23 24 25 26 27 28 29 30 31 32 33 34 35 36 37 38 39 40 41 42 43 44 45
---
@INSTANCIA B08 500 500
@ARTIGO 0 0.00 0.00
@TIPOS 50
118 118 0
54 54 0
21 21 0
249 152 0
34 172 0
88 88 0
144 144 0
113 113 0
48 48 0
37 37 0
191 99 0
58 58 0
97 88 0
142 53 0
42 42 0
142 142 0
113 113 0
72 72 0
44 44 0
59 59 0
319 214 0
125 125 0
69 69 0
122 122 0
107 80 0
65 65 0
106 106 0
119 119 0
129 129 0
68 68 0
115 115 0
123 123 0
101 101 0
120 120 0
247 77 0
113 113 0
287 295 0
207 51 0
92 92 0
40 40 0
77 59 0
132 132 0
52 52 0
153 153 0
85 198 0
54 54 0
237 40 0
143 66 0
28 28 0
90 145 0
@PRIORIDADE 1 2 3 4 5 6 7 8 9 10 11 12 13 14 15 16 17 18 19 20 21 22 23 24 25 26 27 28 29 30 31 32 33 34 35 36 37 38 39 40 41 42 43 44 45 46 47 48 49 50
---
@INSTANCIA B09 550 550
@ARTIGO 0 0.00 0.00
@TIPOS 55
157 157 0
60 60 0
65 65 0
22 22 0
30 30 0
189 292 0
262 66 0
42 42 0
256 102 0
123 123 0
42 42 0
51 51 0
141 87 0
169 70 0
132 132 0
117 117 0
351 201 0
47 47 0
46 46 0
59 275 0
102 102 0
106 106 0
129 129 0
42 42 0
109 251 0
178 178 0
158 88 0
219 219 0
176 176 0
172 172 0
98 98 0
64 64 0
341 181 0
217 93 0
107 109 0
191 144 0
81 81 0
122 122 0
29 29 0
61 265 0
126 126 0
165 73 0
237 273 0
179 179 0
54 54 0
129 129 0
115 100 0
58 58 0
62 158 0
182 172 0
124 124 0
114 85 0
60 60 0
27 27 0
187 109 0
@PRIORIDADE 1 2 3 4 5 6 7 8 9 10 11 12 13 14 15 16 17 18 19 20 21 22 23 24 25 26 27 28 29 30 31 32 33 34 35 36 37 38 39 40 41 42 43 44 45 46 47 48 49 50 51 52 53 54 55
---
@INSTANCIA B10 600 600
@ARTIGO 0 0.00 0.00
@TIPOS 60
236 236 0
123 123 0
125 125 0
129 129 0
61 61 0
129 71 0
50 50 0
18 18 0
40 40 0
210 210 0
299 62 0
63 63 0
30 30 0
41 198 0
141 51 0
60 60 0
204 245 0
45 45 0
207 76 0
169 110 0
233 107 0
87 87 0
119 40 0
146 146 0
140 140 0
31 31 0
144 144 0
259 157 0
138 138 0
236 236 0
154 154 0
106 106 0
121 121 0
233 233 0
105 105 0
77 77 0
27 27 0
165 165 0
137 137 0
126 126 0
321 293 0
92 92 0
170 268 0
129 129 0
97 300 0
132 132 0
67 99 0
20 20 0
46 46 0
169 169 0
103 206 0
189 189 0
38 38 0
24 24 0
81 81 0
152 152 0
20 20 0
108 107 0
213 213 0
381 235 0
@PRIORIDADE 1 2 3 4 5 6 7 8 9 10 11 12 13 14 15 16 17 18 19 20 21 22 23 24 25 26 27 28 29 30 31 32 33 34 35 36 37 38 39 40 41 42 43 44 45 46 47 48 49 50 51 52 53 54 55 56 57 58 59 60
---
@INSTANCIA B11 2500 2500
@ARTIGO 0 0.00 0.00
@TIPOS 100
689 366 0
258 258 0
1332 873 0
513 513 0
285 803 0
138 138 0
724 724 0
104 104 0
802 802 0
521 521 0
130 130 0
267 267 0
901 901 0
136 136 0
285 648 0
1127 422 0
229 229 0
210 918 0
169 169 0
425 452 0
734 734 0
306 306 0
337 785 0
875 826 0
267 267 0
393 647 0
711 886 0
84 84 0
290 290 0
864 864 0
960 960 0
591 591 0
300 300 0
1335 1103 0
388 1020 0
1604 1578 0
1615 819 0
868 149 0
336 336 0
660 229 0
233 233 0
741 741 0
698 1531 0
934 210 0
764 764 0
621 621 0
277 277 0
616 616 0
737 737 0
83 83 0
173 173 0
725 725 0
557 212 0
218 218 0
268 268 0
392 392 0
1296 797 0
259 259 0
316 316 0
1205 1508 0
624 624 0
367 1085 0
279 279 0
503 503 0
571 571 0
172 172 0
253 253 0
464 464 0
721 387 0
710 1385 0
396 457 0
309 309 0
375 375 0
1233 1316 0
790 790 0
266 266 0
997 997 0
263 263 0
192 192 0
624 624 0
1143 206 0
757 757 0
1114 740 0
76 76 0
659 659 0
139 139 0
230 230 0
327 327 0
570 570 0
225 225 0
133 133 0
352 1204 0
173 173 0
1074 1412 0
402 402 0
568 568 0
401 401 0
211 479 0
515 515 0
253 253 0
@PRIORIDADE 1 2 3 4 5 6 7 8 9 10 11 12 13 14 15 16 17 18 19 20 21 22 23 24 25 26 27 28 29 30 31 32 33 34 35 36 37 38 39 40 41 42 43 44 45 46 47 48 49 50 51 52 53 54 55 56 57 58 59 60 61 62 63 64 65 66 67 68 69 70 71 72 73 74 75 76 77 78 79 80 81 82 83 84 85 86 87 88 89 90 91 92 93 94 95 96 97 98 99 100
---
@INSTANCIA B12 4500 4500
@ARTIGO 0 0.00 0.00
@TIPOS 150
863 863 0
489 489 0
1014 328 0
200 200 0
1560 1560 0
1112 1112 0
1210 1210 0
2227 1899 0
1386 688 0
395 395 0
1086 1086 0
532 1022 0
819 931 0
834 834 0
1597 1597 0
292 292 0
1896 751 0
755 755 0
456 2090 0
1447 1447 0
2171 1709 0
854 1711 0
809 809 0
1751 450 0
404 404 0
1087 1087 0
1870 2874 0
1624 2270 0
1264 1264 0
254 894 0
224 224 0
853 853 0
611 611 0
644 644 0
1008 1008 0
186 186 0
338 338 0
442 442 0
978 978 0
2407 1326 0
778 778 0
453 453 0
168 168 0
2024 379 0
873 873 0
189 189 0
420 1810 0
574 1892 0
179 179 0
602 602 0
551 551 0
2252 2754 0
2668 1393 0
486 486 0
514 514 0
512 512 0
809 809 0
771 642 0
462 462 0
499 499 0
1154 1154 0
808 808 0
1147 2879 0
445 445 0
489 1565 0
456 1422 0
1280 1965 0
309 1858 0
1216 551 0
1079 1079 0
543 1154 0
1913 761 0
349 349 0
1018 1018 0
1439 1439 0
873 873 0
1208 437 0
2165 829 0
816 816 0
541 1218 0
1070 1070 0
236 236 0
1245 1245 0
2165 878 0
307 307 0
884 884 0
1523 1523 0
559 559 0
2905 2811 0
2672 2517 0
782 782 0
1266 1266 0
317 317 0
809 809 0
716 695 0
927 927 0
146 146 0
526 1781 0
2749 1236 0
304 304 0
843 843 0
713 713 0
246 246 0
252 252 0
497 497 0
1083 1083 0
1005 1005 0
1773 753 0
955 955 0
560 560 0
459 913 0
811 332 0
298 1881 0
622 750 0
422 422 0
2224 518 0
829 829 0
1754 1754 0
419 779 0
603 603 0
999 999 0
338 338 0
815 689 0
1969 2807 0
1100 1100 0
1703 1703 0
533 533 0
356 1555 0
514 514 0
1086 1086 0
299 299 0
488 488 0
555 555 0
332 332 0
335 335 0
2881 1145 0
544 544 0
674 674 0
266 266 0
410 410 0
1743 1743 0
1606 1606 0
420 420 0
590 590 0
234 234 0
1599 1599 0
263 263 0
1382 1382 0
642 642 0
1411 710 0
@PRIORIDADE 1 2 3 4 5 6 7 8 9 10 11 12 13 14 15 16 17 18 19 20 21 22 23 24 25 26 27 28 29 30 31 32 33 34 35 36 37 38 39 40 41 42 43 44 45 46 47 48 49 50 51 52 53 54 55 56 57 58 59 60 61 62 63 64 65 66 67 68 69 70 71 72 73 74 75 76 77 78 79 80 81 82 83 84 85 86 87 88 89 90 91 92 93 94 95 96 97 98 99 100 101 102 103 104 105 106 107 108 109 110 111 112 113 114 115 116 117 118 119 120 121 122 123 124 125 126 127 128 129 130 131 132 133 134 135 136 137 138 139 140 141 142 143 144 145 146 147 148 149 150
---
@INSTANCIA B13 6000 6000
@ARTIGO 0 0.00 0.00
@TIPOS 150
318 318 0
1787 1787 0
1117 1101 0
2913 2427 0
2840 950 0
2750 2121 0
1002 1002 0
1923 2351 0
864 864 0
3197 1794 0
890 890 0
1318 1318 0
1693 1778 0
1045 1045 0
386 386 0
946 330 0
2327 1613 0
1852 1852 0
690 690 0
3187 2869 0
1648 1648 0
684 684 0
3501 3256 0
530 530 0
506 1940 0
2274 2274 0
1012 1012 0
1365 1365 0
1242 1242 0
1298 1298 0
220 220 0
1488 1488 0
2552 423 0
2357 424 0
848 848 0
1260 1260 0
398 398 0
1301 1301 0
219 219 0
2844 659 0
315 315 0
1018 2135 0
621 621 0
1440 1440 0
1042 1042 0
586 586 0
976 976 0
922 2905 0
924 924 0
2478 2854 0
1598 1598 0
1664 381 0
825 825 0
1823 616 0
2155 2155 0
343 2022 0
1037 2088 0
1089 582 0
1096 2802 0
1428 1428 0
576 576 0
3593 3267 0
2615 393 0
466 466 0
236 236 0
1465 1465 0
513 513 0
625 1825 0
1289 1289 0
1295 1295 0
774 774 0
1760 1760 0
2040 770 0
1804 3750 0
452 452 0
783 783 0
695 695 0
2027 2027 0
931 1056 0
1342 1342 0
196 196 0
1675 2784 0
1238 1238 0
232 232 0
1343 754 0
1714 1070 0
459 2918 0
404 404 0
643 643 0
217 217 0
1115 1115 0
1310 1310 0
1397 1397 0
3137 1817 0
2751 3141 0
265 265 0
370 370 0
703 703 0
219 219 0
492 492 0
391 391 0
187 187 0
999 999 0
633 633 0
3264 3517 0
539 539 0
430 430 0
1834 2066 0
643 643 0
1391 1391 0
1094 2740 0
1486 1486 0
1110 1110 0
1554 1554 0
1547 1547 0
700 700 0
374 374 0
242 242 0
798 1312 0
1451 1451 0
1495 1495 0
288 288 0
3502 1594 0
2828 1143 0
866 866 0
1843 1843 0
584 584 0
2441 2850 0
690 690 0
1458 1458 0
1848 1848 0
1601 1601 0
1342 1342 0
452 452 0
344 344 0
829 829 0
1067 2565 0
755 755 0
1548 1548 0
1556 1556 0
317 317 0
2170 458 0
1255 1255 0
1457 713 0
409 409 0
1603 2994 0
241 241 0
962 1391 0
2266 2266 0
2336 2336 0
@PRIORIDADE 1 2 3 4 5 6 7 8 9 10 11 12 13 14 15 16 17 18 19 20 21 22 23 24 25 26 27 28 29 30 31 32 33 34 35 36 37 38 39 40 41 42 43 44 45 46 47 48 49 50 51 52 53 54 55 56 57 58 59 60 61 62 63 64 65 66 67 68 69 70 71 72 73 74 75 76 77 78 79 80 81 82 83 84 85 86 87 88 89 90 91 92 93 94 95 96 97 98 99 100 101 102 103 104 105 106 107 108 109 110 111 112 113 114 115 116 117 118 119 120 121 122 123 124 125 126 127 128 129 130 131 132 133 134 135 136 137 138 139 140 141 142 143 144 145 146 147 148 149 150
---
